62,1
62,3
94,1
94,3
0,459
0,266
0,461
0,265
0,457
0,264
0,456
0,263
0,455
0,262
0,454
0,261
0,449
0,256
0,447
0,255
0,487
0,254
0,445
0,253
0,444
0,252
0,446
0,251
0,443
0,250
0,442
0,249
0,441
0,248
0,439
0,247
0,438
0,246
0,437
0,245
0,484
0,244
0,435
0,242
0,434
0,241
0,432
0,240
0,482
0,239
0,481
0,238
0,430
0,237
0,429
0,236
0,536
0,235
0,535
0,234
0,534
0,233
0,426
0,232
0,425
0,231
0,427
0,230
0,423
0,229
0,422
0,228
0,421
0,227
0,419
0,226
0,417
0,225
0,415
0,224
0,476
0,223
0,475
0,222
0,474
0,221
0,532
0,220
0,531
0,219
0,410
0,218
0,409
0,217
0,411
0,216
0,408
0,215
0,407
0,214
0,405
